25,2525.09,5000,2.32108,0.000112592
25,2525.09,6950.97,2.29328,9.7694e-005
25,2525.09,9663.19,2.40403,0.00010023
25,2525.09,13433.7,2.29248,9.38149e-005
25,2525.09,18675.4,2.28309,9.83079e-005
25,2525.09,25962.5,2.02765,0.000133247
25,2525.09,36092.9,1.84297,0.000120536
25,2525.09,50176,1.74655,0.000109576
25,2525.09,69754.4,1.51415,9.39605e-005
25,2525.09,96972.1,1.33042,0.000109693
25,2525.09,134810,1.15817,9.22522e-005
25,2525.09,187412,0.978322,0.000100365
25,2525.09,260539,0.801245,9.40816e-005
25,2525.09,362199,0.648379,0.000100895
25,2525.09,503527,0.555252,8.69234e-005
25,2525.09,700000,0.665107,0.000102887
25,2977.29,5000,2.48218,7.71089e-005
25,2977.29,6950.97,2.43448,0.000128753
25,2977.29,9663.19,2.41571,0.000100775
25,2977.29,13433.7,2.33723,8.44533e-005
25,2977.29,18675.4,2.24649,0.000109805
25,2977.29,25962.5,2.21203,9.44526e-005
25,2977.29,36092.9,1.93273,0.000104257
25,2977.29,50176,1.88759,8.90607e-005
25,2977.29,69754.4,1.67797,8.55344e-005
25,2977.29,96972.1,1.4248,0.00012544
25,2977.29,134810,1.25432,0.000105892
25,2977.29,187412,1.01221,9.57023e-005
25,2977.29,260539,0.887951,8.07369e-005
25,2977.29,362199,0.900934,0.000107227
25,2977.29,503527,0.799984,9.64183e-005
25,2977.29,700000,0.691791,9.84452e-005
25,3510.48,5000,1.03356,9.25237e-005
25,3510.48,7068.41,0.991782,0.00012991
25,3510.48,9992.47,0.842579,7.4972e-005
25,3510.48,14126.2,0.914154,0.000118839
25,3510.48,19969.9,0.744922,8.69525e-005
25,3510.48,28231.1,0.477266,0.0001224
25,3510.48,39909.8,0.221253,0.000119066
25,3510.48,56419.7,0.0711903,0.000101142
25,3510.48,79759.4,0.00366478,9.53884e-005
25,3510.48,112754,0.0226317,0.000145418
25,3510.48,159399,0.298076,8.87909e-005
25,3510.48,225339,0.501112,0.000128342
25,3510.48,318558,0.676346,0.000104042
25,3510.48,450339,0.921283,8.26318e-005
25,3510.48,636636,0.901266,0.000104389
25,3510.48,900000,1.02725,9.22708e-005
25,4139.15,5000,1.02044,7.08763e-005
25,4139.15,7118.23,1.026,0.000105386
25,4139.15,10133.8,1.00479,0.00013292
25,4139.15,14427,0.814446,0.000112606
25,4139.15,20538.9,0.625576,0.000120061
25,4139.15,29240.2,0.466333,0.000111367
25,4139.15,41627.7,0.323906,0.000102969
25,4139.15,59263.1,0.0812924,9.27192e-005
25,4139.15,84369.6,0.00438611,9.44363e-005
25,4139.15,120112,0.124452,0.000138196
25,4139.15,170998,0.467763,6.83479e-005
25,4139.15,243440,0.743196,0.000100409
25,4139.15,346573,0.919446,0.000102953
25,4139.15,493397,1.13443,0.000123954
25,4139.15,702422,1.0293,8.07082e-005
25,4139.15,1e+006,1.16455,0.000117465
25,4880.4,5000,1.05336,0.000106418
25,4880.4,7205.28,0.965151,0.000117867
25,4880.4,10383.2,0.915332,8.1478e-005
25,4880.4,14962.8,0.838868,0.000111544
25,4880.4,21562.2,0.592216,0.000103003
25,4880.4,31072.3,0.542439,8.73527e-005
25,4880.4,44776.9,0.207408,9.98372e-005
25,4880.4,64526.1,0.0271373,8.72466e-005
25,4880.4,92985.7,0.0964986,0.000118666
25,4880.4,133998,0.313915,8.34078e-005
25,4880.4,193098,0.720056,0.000117533
25,4880.4,278265,1.02967,9.52734e-005
25,4880.4,400995,1.15917,9.63335e-005
25,4880.4,577856,1.23111,0.000110442
25,4880.4,832723,1.49595,0.00010794
25,4880.4,1.2e+006,1.39916,9.1514e-005
25,5754.41,5000,1.00917,0.000110065
25,5754.41,7313.27,0.915061,0.000111353
25,5754.41,10696.8,0.827336,0.000108973
25,5754.41,15645.7,0.683285,0.000105598
25,5754.41,22884.2,0.438462,9.18426e-005
25,5754.41,33471.7,0.367526,0.000113997
25,5754.41,48957.4,0.0756306,0.000101474
25,5754.41,71607.8,0.0570238,0.000106434
25,5754.41,104737,0.19433,0.000127194
25,5754.41,153194,0.519064,9.74127e-005
25,5754.41,224070,0.979857,0.000126363
25,5754.41,327737,1.37504,0.000107054
25,5754.41,479366,1.48508,9.46115e-005
25,5754.41,701146,1.62733,9.04305e-005
25,5754.41,1.02553e+006,1.6474,0.000110657
25,5754.41,1.5e+006,1.70556,0.000130388
25,6784.93,5000,1.11484,9.52231e-005
25,6784.93,7402.7,1.03769,0.000110225
25,6784.93,10960,0.874254,9.75128e-005
25,6784.93,16226.7,0.739104,0.000113293
25,6784.93,24024.3,0.545442,0.000107689
25,6784.93,35568.9,0.241479,7.738e-005
25,6784.93,52661.2,0.08169,0.000159083
25,6784.93,77967.1,0.0140111,9.35075e-005
25,6784.93,115433,0.347782,8.25266e-005
25,6784.93,170904,0.918928,9.07739e-005
25,6784.93,253030,1.35662,9.87504e-005
25,6784.93,374621,1.69904,0.000124681
25,6784.93,554641,1.86678,0.000114255
25,6784.93,821169,2.05655,7.64629e-005
25,6784.93,1.21577e+006,2.048,9.73256e-005
25,6784.93,1.8e+006,2.08186,0.000102563
25,8000,5000,1.08731,9.77583e-005
25,8000,7454.88,0.99226,0.000146508
25,8000,11115,0.80621,9.42925e-005
25,8000,16572.3,0.634615,0.000101104
25,8000,24708.9,0.450533,0.000105595
25,8000,36840.3,0.162039,8.1444e-005
25,8000,54928,0.0294082,0.000102078
25,8000,81896.4,0.125991,0.000106198
25,8000,122106,0.567601,0.000129703
25,8000,182056,1.22225,0.000108609
25,8000,271442,1.69658,0.000110353
25,8000,404713,2.13081,0.000116872
25,8000,603418,2.34281,0.000127649
25,8000,899682,2.3935,0.000107209
25,8000,1.3414e+006,2.40646,9.77226e-005
25,8000,2e+006,2.33737,9.46155e-005
endtau
1,25,2525.09,700,1,16,16,5000,6950.97,9663.19,13433.7,18675.4,25962.5,36092.9,50176,69754.4,96972.1,134810,187412,260539,362199,503527,700000
2,25,2977.29,800,1,16,16,5000,6950.97,9663.19,13433.7,18675.4,25962.5,36092.9,50176,69754.4,96972.1,134810,187412,260539,362199,503527,700000
3,25,3510.48,1000,2,16,16,5000,7068.41,9992.47,14126.2,19969.9,28231.1,39909.8,56419.7,79759.4,112754,159399,225339,318558,450339,636636,900000
4,25,4139.15,1000,2,16,16,5000,7118.23,10133.8,14427,20538.9,29240.2,41627.7,59263.1,84369.6,120112,170998,243440,346573,493397,702422,1e+006
5,25,4880.4,1000,2,16,16,5000,7205.28,10383.2,14962.8,21562.2,31072.3,44776.9,64526.1,92985.7,133998,193098,278265,400995,577856,832723,1.2e+006
6,25,5754.41,1200,2,16,16,5000,7313.27,10696.8,15645.7,22884.2,33471.7,48957.4,71607.8,104737,153194,224070,327737,479366,701146,1.02553e+006,1.5e+006
7,25,6784.93,1200,2,16,16,5000,7402.7,10960,16226.7,24024.3,35568.9,52661.2,77967.1,115433,170904,253030,374621,554641,821169,1.21577e+006,1.8e+006
8,25,8000,1200,2,16,16,5000,7454.88,11115,16572.3,24708.9,36840.3,54928,81896.4,122106,182056,271442,404713,603418,899682,1.3414e+006,2e+006
shiFdt = -1
outData = 0
npNoise = 1000
pulDelay = 100
nrCict = 1
d1Delay = 300
BWgra = 40
tdPhaseCorr = "no"
usePhaseCycle = "yes"
accumulate = "yes"
repTime = 5
180Delay = 100
180pulseLength = 7.5
180Amplitude = -13.5
blow0 = 0
bupDelay = 7000
pulseLength = 7.5
90Amplitude = -17.5
rxPhase = 0
rxGain = 25
nptGau = 10
nrFidav = 10
ipFidav = 3
frFilt = 0
acqDelay = 14
acquType = 4
waitTemp = 3
tempRate = 5
nrScans = 50
dwellTime = 0.5
nrPnts = 32768
b1Freq = 8.24
fidstoDirectory = "C:\Users\FFC\Desktop\NMR Data\fids"
datstoDirectory = "C:\Users\FFC\Desktop\NMR Data"
dataDirectory = "R:\FFC001"
sampleName = "5CB"
acqTime = 16.384
npRep = 0
npTau = 0
bandwidth = 100
dispRange = 0
experiment = "test1p3b"
expName = "FFC001"
expNr = ""
fdPhaseCorr = "no"
filter = "no"
filterType = "sinebellsquared"
flatFilter = "no"
incExpNr = "no"
position = [396,225]
saveData = "true"
showFreqDomain = "no"
showTimeDomain = "no"
tauDelay = 5000
windowSize = "small"
xgraa = 100
xgrrr = 249
wvDSP10nsRes = 0
